-10.023158053364739
2.1911796334276126	9.098664070197822	-0.13896273078967805	-0.21143111098156644	0.7773840783324915	6.713307777207092	2.134810196474467	5.672425875763195
-0.28805822770218864	-0.28805822770218864	-0.28805822770218864	-0.28805822770218864	-0.28805822770218864	-0.28805822770218864	-0.28805822770218864	-0.28805822770218864	-0.28805822770218864	-0.28805822770218864	-0.28805822770218864	-0.28805822770218864	-0.28805822770218864	-0.28805822770218864	-0.28805822770218864	-0.28805822770218864	-0.28805822770218864	-0.28805822770218864	-0.28805822770218864	-0.28805822770218864
-0.35788564082354923	-0.35788564082354923	-0.35788564082354923	-0.35788564082354923	-0.35788564082354923	-0.35788564082354923	-0.35788564082354923	-0.35788564082354923	-0.35788564082354923	-0.35788564082354923	-0.35788564082354923	-0.35788564082354923	-0.35788564082354923	-0.35788564082354923	-0.35788564082354923	-0.35788564082354923	-0.35788564082354923	-0.35788564082354923	-0.35788564082354923	-0.35788564082354923
0.34105601039016853	0.34105601039016853	0.34105601039016853	0.34105601039016853	0.34105601039016853	0.34105601039016853	0.34105601039016853	0.34105601039016853	0.34105601039016853	0.34105601039016853	0.34105601039016853	0.34105601039016853	0.34105601039016853	0.34105601039016853	0.34105601039016853	0.34105601039016853	0.34105601039016853	0.34105601039016853	0.34105601039016853	0.34105601039016853
0.005276649691205681	0.005276649691205681	0.005276649691205681	0.005276649691205681	0.005276649691205681	0.005276649691205681	0.005276649691205681	0.005276649691205681	0.005276649691205681	0.005276649691205681	0.005276649691205681	0.005276649691205681	0.005276649691205681	0.005276649691205681	0.005276649691205681	0.005276649691205681	0.005276649691205681	0.005276649691205681	0.005276649691205681	0.005276649691205681
0.5347652397693287	0.5347652397693287	0.5347652397693287	0.5347652397693287	0.5347652397693287	0.5347652397693287	0.5347652397693287	0.5347652397693287	0.5347652397693287	0.5347652397693287	0.5347652397693287	0.5347652397693287	0.5347652397693287	0.5347652397693287	0.5347652397693287	0.5347652397693287	0.5347652397693287	0.5347652397693287	0.5347652397693287	0.5347652397693287
-0.287519065537312	-0.287519065537312	-0.287519065537312	-0.287519065537312	-0.287519065537312	-0.287519065537312	-0.287519065537312	-0.287519065537312	-0.287519065537312	-0.287519065537312	-0.287519065537312	-0.287519065537312	-0.287519065537312	-0.287519065537312	-0.287519065537312	-0.287519065537312	-0.287519065537312	-0.287519065537312	-0.287519065537312	-0.287519065537312
-0.3596702936064062	-0.3596702936064062	-0.3596702936064062	-0.3596702936064062	-0.3596702936064062	-0.3596702936064062	-0.3596702936064062	-0.3596702936064062	-0.3596702936064062	-0.3596702936064062	-0.3596702936064062	-0.3596702936064062	-0.3596702936064062	-0.3596702936064062	-0.3596702936064062	-0.3596702936064062	-0.3596702936064062	-0.3596702936064062	-0.3596702936064062	-0.3596702936064062
0.8874387380637182	0.8874387380637182	0.8874387380637182	0.8874387380637182	0.8874387380637182	0.8874387380637182	0.8874387380637182	0.8874387380637182	0.8874387380637182	0.8874387380637182	0.8874387380637182	0.8874387380637182	0.8874387380637182	0.8874387380637182	0.8874387380637182	0.8874387380637182	0.8874387380637182	0.8874387380637182	0.8874387380637182	0.8874387380637182
